{
 "cells": [
  {
   "cell_type": "markdown",
   "metadata": {},
   "source": [
    "# Q1"
   ]
  },
  {
   "cell_type": "code",
   "execution_count": 1,
   "metadata": {},
   "outputs": [],
   "source": [
    "import numpy as np\n",
    "import pandas as pd\n",
    "from sklearn.utils import shuffle\n",
    "\n",
    "cov_data = pd.read_csv('datasets/DS1_Cov.txt', sep=\",\", header=None)\n",
    "cov_data = cov_data.dropna(axis=1)\n",
    "negMeandata = np.array(pd.read_csv('datasets/DS1_m_0.txt', sep=\",\", header=None))\n",
    "posMeandata = np.array(pd.read_csv('datasets/DS1_m_1.txt', sep=\",\", header=None))\n",
    "\n",
    "\n",
    "#finding randoms samples from multivariate normal distribution\n",
    "x1 = np.random.multivariate_normal(negMeandata[0], cov_data, 2000)\n",
    "x2 = np.random.multivariate_normal(posMeandata[0], cov_data, 2000)\n",
    "\n",
    "#labelling both datasets according and converting into dataframes\n",
    "x1 = np.c_[x1, np.zeros(2000)]\n",
    "x1 = np.resize(x1, (2000,21))\n",
    "df1 = pd.DataFrame(x1,columns = range(21), index=range(2000))\n",
    "x2 = np.c_[x2, np.ones(2000)]\n",
    "x2= np.resize(x2, (2000,21))\n",
    "df2 = pd.DataFrame(x2,columns = range(21), index=range(2000))\n",
    "\n",
    "#splitting the two dataframes into train, valid and test sets \n",
    "train1, valid1, test1 = np.split(df1.sample(frac=1), [int(.6*len(df1)), int(.8*len(df1))])\n",
    "train2, valid2, test2 = np.split(df2.sample(frac=1), [int(.6*len(df2)), int(.8*len(df2))])\n",
    "\n",
    "#concatenating the sets obtained\n",
    "train = [train1, train2] \n",
    "ds1Train = pd.concat(train)\n",
    "ds1Train = shuffle(ds1Train)\n",
    "valid = [valid1, valid2]\n",
    "ds1Valid = pd.concat(valid)\n",
    "ds1Valid = ds1Valid.sample(frac=1).reset_index(drop=True)\n",
    "test = [test1, test2]\n",
    "ds1Test = pd.concat(test)\n",
    "ds1Test = ds1Test.sample(frac=1).reset_index(drop=True)\n",
    "\n",
    "#saving the three sets into csv\n",
    "ds1Train.to_csv('datasets/DS1_Train.csv', sep=',', header=None, index=None)\n",
    "ds1Valid.to_csv('datasets/DS1_Valid.csv', sep=',', header=None, index=None)\n",
    "ds1Test.to_csv('datasets/DS1_Test.csv', sep=',', header=None, index=None)\n",
    "\n"
   ]
  },
  {
   "cell_type": "markdown",
   "metadata": {},
   "source": [
    "# Q2"
   ]
  },
  {
   "cell_type": "code",
   "execution_count": 19,
   "metadata": {
    "scrolled": true
   },
   "outputs": [
    {
     "name": "stdout",
     "output_type": "stream",
     "text": [
      "Accuracy:  94.625\n",
      "Precision:  94.73684210526315\n",
      "Recall:  94.5\n",
      "F1-Measure:  94.61827284105131\n",
      "\n",
      "\n",
      "w:  [ 1.38768522e+01 -8.28351494e+00 -5.00203974e+00 -2.64726116e+00\n",
      " -9.36686362e+00 -4.30585248e+00  1.56511613e+01 -2.35155981e+01\n",
      " -2.79248839e+01  9.07144231e+00 -1.25061415e+01 -1.13164129e+01\n",
      "  1.47171493e+01  1.21992892e+01 -5.48384788e+00  1.27276718e+01\n",
      "  2.78079652e+01 -6.56346024e+00  1.66660738e-02 -5.04207265e+00]\n",
      "w0:  26.18169207660766\n"
     ]
    }
   ],
   "source": [
    "trainData = np.array(pd.read_csv('datasets/DS1_Train.csv', sep=\",\", header=None))\n",
    "testData = np.array(pd.read_csv('datasets/DS1_Test.csv', sep=\",\", header=None,))\n",
    "\n",
    "trainY = trainData [:,20]\n",
    "testY = testData [:,20]\n",
    "\n",
    "class GDA():\n",
    "\n",
    "    \n",
    "    #defining the constructor of the class\n",
    "    def __init__ (data):\n",
    "        \n",
    "        data.m0 = 0\n",
    "        data.m1 = 0\n",
    "        data.sigma = 0\n",
    "        data.w = 0\n",
    "        data.w0 = 0\n",
    "        data.predVal = 0\n",
    "        data.accuracy = 0\n",
    "        data.precision = 0\n",
    "        data.recall = 0\n",
    "        data.f1 = 0\n",
    "        \n",
    "    #method to find the means\n",
    "    def findmu(data, X):\n",
    "        m1 = 0\n",
    "        m2 = 0\n",
    "        i = 0\n",
    "        c1 = 0\n",
    "        c2 = 0\n",
    "        for row in X:\n",
    "            if (trainY[i] == 0):\n",
    "                m1 += row[:-1]\n",
    "                c1 +=1\n",
    "            else:\n",
    "                m2 += row[:-1]\n",
    "                c2 +=1\n",
    "            i += 1\n",
    "        data.m0 = m1/c1\n",
    "        data.m1= m2/c2\n",
    "\n",
    "    #method to find the covariance\n",
    "    def findSigma(data, X, m0, m1):\n",
    "        d1 = 0\n",
    "        d2 = 0\n",
    "        i = 0\n",
    "        c1 = 0\n",
    "        c2 = 0\n",
    "        for row in X:\n",
    "            if (trainY[i] == 0):\n",
    "                x1 = np.reshape(np.array(row[:-1]-m0), (20,1))\n",
    "                d1+= np.dot(x1, x1.T)\n",
    "                c1+=1\n",
    "            else:\n",
    "                x2 = np.reshape(np.array(row[:-1]-m1), (20,1))\n",
    "                d2+=np.dot(x2, x2.T)\n",
    "                c2+=1\n",
    "            i+=1\n",
    "        S1 = d1/c1\n",
    "        S2 = d2/c2\n",
    "        data.sigma= (S1*c1)/len(X) + (S2*c2)/len(X)\n",
    "    \n",
    "    #method to find the paramters\n",
    "    def findParameters(data,mu0,mu1,sigma):\n",
    "        sigmaInv = np.linalg.inv(sigma)\n",
    "        data.w = np.dot((sigmaInv),(mu0-mu1))\n",
    "        data.w0 = (-.5 * np.dot(np.dot(mu0.T,sigmaInv),mu0)) + (0.5*np.dot(np.dot(mu1.T,sigmaInv),mu1))\n",
    "        \n",
    "    #method to find the sigmoidal\n",
    "    def sigmoidal(data, a):\n",
    "        return 1/(1+np.exp(-a))\n",
    "    \n",
    "    #method for obtaining predicted values\n",
    "    def predict(data, X, w, w0):\n",
    "        data.predVal = np.zeros(len(X))\n",
    "        i = 0\n",
    "        for row in X:\n",
    "            x = (w.T).dot(np.array(row[:-1])) + w0\n",
    "            probVal = data.sigmoidal(x)\n",
    "            if probVal < 0.5:\n",
    "                data.predVal[i] = 1\n",
    "            i+=1\n",
    "    \n",
    "    #method to find the performance measure\n",
    "    def performanceMeasure(data, testData, w, w0):\n",
    "        gda.predict(testData, w, w0)\n",
    "        TP = 0\n",
    "        FP =0\n",
    "        FN = 0\n",
    "        TN = 0\n",
    "        for x in range (len(gda.predVal)): \n",
    "            if(testY[x]==0 and gda.predVal[x] ==0):\n",
    "                TN+=1\n",
    "            elif(testY[x]==1 and gda.predVal[x] ==0):\n",
    "                FN+=1\n",
    "            elif(testY[x]==0 and gda.predVal[x] ==1):\n",
    "                FP+=1\n",
    "            else:\n",
    "                TP+=1\n",
    "        data.accuracy = (TP+TN)/(TP+FP+FN+TN)\n",
    "        data.precision = TP/(TP+FP)\n",
    "        data.recall = TP/(TP+FN)\n",
    "        data.f1 = 2*data.precision*data.recall/(data.precision+data.recall)\n",
    "            \n",
    "#main method      \n",
    "if __name__ == \"__main__\":\n",
    "    \n",
    "    gda = GDA()\n",
    "    gda.findmu(trainData)\n",
    "    mu0 = gda.m0\n",
    "    mu1 =gda.m1\n",
    "    \n",
    "    gda.findSigma(trainData, mu0, mu1)\n",
    "    sigma = gda.sigma\n",
    "    \n",
    "    gda.findParameters(mu0,mu1,sigma)\n",
    "    w = gda.w\n",
    "    w0 = gda.w0\n",
    "    sigma = gda.sigma\n",
    "    \n",
    "    gda.performanceMeasure(testData,w, w0)\n",
    "    accuracy = gda.accuracy\n",
    "    precision = gda.precision\n",
    "    recall = gda.recall\n",
    "    f1 = gda.f1\n",
    "    \n",
    "    print(\"Accuracy: \", accuracy*100)\n",
    "    print(\"Precision: \", precision*100)\n",
    "    print(\"Recall: \", recall*100)\n",
    "    print(\"F1-Measure: \", f1*100)\n",
    "    print(\"\\n\")\n",
    "    print(\"w: \", w)\n",
    "    print(\"w0: \", w0)\n",
    "\n"
   ]
  },
  {
   "cell_type": "markdown",
   "metadata": {},
   "source": [
    "# Q3\n",
    "    "
   ]
  },
  {
   "cell_type": "code",
   "execution_count": 36,
   "metadata": {},
   "outputs": [
    {
     "name": "stdout",
     "output_type": "stream",
     "text": [
      "F1-Measure:  48.284960422163586\n",
      "F1-Measure:  49.40239043824701\n",
      "F1-Measure:  47.27755644090305\n",
      "F1-Measure:  47.89473684210526\n",
      "F1-Measure:  48.73501997336884\n",
      "F1-Measure:  48.94179894179895\n"
     ]
    }
   ],
   "source": [
    "validData = np.array(pd.read_csv('datasets/DS1_Valid.csv', sep=\",\", header=None))\n",
    "\n",
    "import math\n",
    "import operator\n",
    "\n",
    "class KNN():\n",
    "    \n",
    "    def __init__ (data):\n",
    "        \n",
    "        data.predVal = []\n",
    "        data.accuracy = 0\n",
    "        data.precision = 0\n",
    "        data.recall = 0\n",
    "        data.f1 = 0\n",
    "    \n",
    "    def euclideanDistance(data, X, points, length):\n",
    "        distance = 0\n",
    "        for x in range(length):\n",
    "            distance += pow((X[x] - points[x]), 2)\n",
    "        return math.sqrt(distance)\n",
    " \n",
    "    def getNeighbors(data, trainingSet, sample, k):\n",
    "        distances = []\n",
    "        length = len(sample)-1\n",
    "        for x in range(len(trainingSet)):\n",
    "            dist = data.euclideanDistance(sample, trainingSet[x], length)\n",
    "            distances.append((trainingSet[x], dist))\n",
    "        distances.sort(key=operator.itemgetter(1))\n",
    "        neighbors = []\n",
    "        for x in range(k):\n",
    "            neighbors.append(distances[x][0])\n",
    "        return neighbors\n",
    " \n",
    "    def getResponse(data, neighbors):\n",
    "        classVotes = {}\n",
    "        for x in range(len(neighbors)):\n",
    "            response = neighbors[x][-1]\n",
    "            if response in classVotes:\n",
    "                classVotes[response] += 1\n",
    "            else:\n",
    "                classVotes[response] = 1\n",
    "        sortedVotes = sorted(classVotes.items(), key=operator.itemgetter(1), reverse=True)\n",
    "        return sortedVotes[0][0]\n",
    "    \n",
    "    def predict(data, trainData, testData, k):\n",
    "        data.predVal = []\n",
    "        for x in range(len(testData)):\n",
    "            neighbors = data.getNeighbors(trainData, testData[x], k)\n",
    "            result = data.getResponse(neighbors)\n",
    "            data.predVal.append(result)\n",
    "            \n",
    "    def performanceMeasure (data, X, k):\n",
    "        knn.predict(trainData, X,k)\n",
    "        X = X[:,20]\n",
    "        TP = 0\n",
    "        TN = 0\n",
    "        FP = 0\n",
    "        FN = 0\n",
    "        for x in range (len(knn.predVal)): \n",
    "            if(X[x]==0 and knn.predVal[x] ==0):\n",
    "                TN+=1\n",
    "            elif(X[x]==1 and knn.predVal[x] ==0):\n",
    "                FN+=1\n",
    "            elif(X[x]==0 and knn.predVal[x] ==1):\n",
    "                FP+=1\n",
    "            else:\n",
    "                TP+=1\n",
    "    \n",
    "        data.accuracy = (TP+TN)/(TP+FP+FN+TN)\n",
    "        data.precision = TP/(TP+FP)\n",
    "        data.recall = TP/(TP+FN)\n",
    "        data.f1 = 2*data.precision*data.recall/(data.precision+data.recall)\n",
    "\n",
    "if __name__ == \"__main__\":\n",
    "    # prepare data\n",
    "    knn = KNN()\n",
    "    \n",
    "    for k in range (20, 32, 2):   \n",
    "        knn.performanceMeasure(validData,k)\n",
    "        f1 = knn.f1 \n",
    "        print(\"F1-Measure: \", f1*100)\n",
    "    \n",
    "    "
   ]
  },
  {
   "cell_type": "code",
   "execution_count": 37,
   "metadata": {},
   "outputs": [
    {
     "name": "stdout",
     "output_type": "stream",
     "text": [
      "Accuracy:  46.875\n",
      "Precision:  46.973365617433416\n",
      "Recall:  48.5\n",
      "F1-Measure:  47.724477244772444\n"
     ]
    }
   ],
   "source": [
    "    knn.performanceMeasure(testData, 22)\n",
    "    accuracy = knn.accuracy\n",
    "    precision = knn.precision\n",
    "    recall = knn.recall\n",
    "    f1 = knn.f1   \n",
    "    print(\"Accuracy: \", accuracy*100)\n",
    "    print(\"Precision: \", precision*100)\n",
    "    print(\"Recall: \", recall*100)\n",
    "    print(\"F1-Measure: \", f1*100)"
   ]
  },
  {
   "cell_type": "markdown",
   "metadata": {},
   "source": [
    "# Q4"
   ]
  },
  {
   "cell_type": "code",
   "execution_count": 45,
   "metadata": {},
   "outputs": [],
   "source": [
    "covData1 = pd.read_csv('datasets/DS2_Cov1.txt', sep=\",\", header=None)\n",
    "covData1 = covData1.dropna(axis=1)\n",
    "covData2 = pd.read_csv('datasets/DS2_Cov2.txt', sep=\",\", header=None)\n",
    "covData2 = covData2.dropna(axis=1)\n",
    "covData3 = pd.read_csv('datasets/DS2_Cov3.txt', sep=\",\", header=None)\n",
    "covData3 = covData3.dropna(axis=1)\n",
    "posMean1 = np.array(pd.read_csv('datasets/DS2_c1_m1.txt', sep=\",\", header=None))\n",
    "posMean2 = np.array(pd.read_csv('datasets/DS2_c1_m2.txt', sep=\",\", header=None))\n",
    "posMean3 = np.array(pd.read_csv('datasets/DS2_c1_m3.txt', sep=\",\", header=None))\n",
    "negMean1 = np.array(pd.read_csv('datasets/DS2_c2_m1.txt', sep=\",\", header=None))\n",
    "negMean2 = np.array(pd.read_csv('datasets/DS2_c2_m2.txt', sep=\",\", header=None))\n",
    "negMean3 = np.array(pd.read_csv('datasets/DS2_c2_m3.txt', sep=\",\", header=None))\n",
    "\n",
    "#finding randoms samples from multivariate normal distribution with given probabilites\n",
    "posMean = [posMean1[0], posMean2[0],posMean3[0]]\n",
    "negMean = [negMean1[0], negMean2[0], negMean3[0]]\n",
    "cov = [covData1, covData2, covData3]\n",
    "x1 = []\n",
    "x2 = []\n",
    "for i in range(2000):\n",
    "    k = np.random.choice([0,1,2], p =[0.1,0.42,0.48])\n",
    "    x1.append(np.random.multivariate_normal(negMean[k], cov[k]))   \n",
    "    x2.append(np.random.multivariate_normal(negMean[k], cov[k]))\n",
    "\n",
    "#labelling both datasets according and converting into dataframes\n",
    "x1 = np.c_[x1, np.zeros(2000)]\n",
    "x1 = np.resize(x1, (2000,21))\n",
    "df1 = pd.DataFrame(x1,columns = range(21), index=range(2000))\n",
    "x2 = np.c_[x2, np.ones(2000)]\n",
    "x1 = np.resize(x2, (2000,21))\n",
    "df2 = pd.DataFrame(x2,columns = range(21), index=range(2000))\n",
    "\n",
    "#splitting the two dataframes into train, valid and test sets \n",
    "train1, valid1, test1 = np.split(df1.sample(frac=1), [int(.6*len(df1)), int(.8*len(df1))])\n",
    "train2, valid2, test2 = np.split(df2.sample(frac=1), [int(.6*len(df2)), int(.8*len(df2))])\n",
    "\n",
    "#concatenating the sets obtained\n",
    "train = [train1, train2]\n",
    "ds2Train = pd.concat(train)\n",
    "ds2Train = shuffle(ds2Train)\n",
    "valid = [valid1, valid2]\n",
    "ds2Valid = pd.concat(valid)\n",
    "ds2Valid = shuffle(ds2Valid)\n",
    "test = [test1, test2]\n",
    "ds2Test = pd.concat(test)\n",
    "ds2Test = shuffle(ds2Test)\n",
    "\n",
    "#saving the three sets into csv\n",
    "ds2Train.to_csv('datasets/DS2_Train.csv', sep=',', header=None, index=None)\n",
    "ds2Valid.to_csv('datasets/DS2_Valid.csv', sep=',', header=None, index=None)\n",
    "ds2Test.to_csv('datasets/DS2_Test.csv', sep=',', header=None, index=None)\n",
    "\n"
   ]
  },
  {
   "cell_type": "markdown",
   "metadata": {},
   "source": [
    "# Q5"
   ]
  },
  {
   "cell_type": "code",
   "execution_count": 52,
   "metadata": {
    "scrolled": true
   },
   "outputs": [
    {
     "name": "stdout",
     "output_type": "stream",
     "text": [
      "GDA performance measure:\n",
      "Accuracy:  50.875\n",
      "Precision:  50.89058524173028\n",
      "Recall:  50.0\n",
      "F1-Measure:  50.44136191677174\n",
      "\n",
      "\n",
      "w:  [ 0.02612972 -0.04473386 -0.07967257 -0.05852181  0.04346625  0.0287968\n",
      " -0.02425289  0.01745191  0.02554836  0.01851677  0.0370603   0.02592644\n",
      " -0.07518714  0.02891718  0.02768238  0.01001033 -0.04085738  0.01336663\n",
      "  0.01090744  0.01215722]\n",
      "w0:  0.004263551114059683\n"
     ]
    },
    {
     "data": {
      "text/plain": [
       "array([[8.42906741, 5.9393321 , 5.10350445, 5.3988378 , 4.88055203,\n",
       "        6.19594916, 6.44111712, 6.10997571, 5.1626616 , 5.70115922,\n",
       "        6.01390217, 5.63362095, 5.49795036, 6.59046668, 5.88223238,\n",
       "        6.33393983, 5.89492134, 6.01493146, 6.2090486 , 6.33389749],\n",
       "       [5.9393321 , 7.62084937, 5.17785994, 5.48749818, 5.36572691,\n",
       "        6.40939214, 6.88031124, 5.75806806, 4.95635624, 5.35385276,\n",
       "        5.17576998, 5.45710834, 5.27954365, 6.51610183, 5.98047829,\n",
       "        6.38672833, 5.62479725, 5.42745259, 6.54206321, 5.90954395],\n",
       "       [5.10350445, 5.17785994, 6.852861  , 5.3687605 , 5.01817664,\n",
       "        5.07580344, 6.2304002 , 4.86312853, 4.8719076 , 5.10207346,\n",
       "        4.97303612, 5.31060242, 5.31232654, 6.21309674, 5.62487716,\n",
       "        5.22081366, 5.59967067, 4.71853181, 6.09341739, 5.89580619],\n",
       "       [5.3988378 , 5.48749818, 5.3687605 , 6.66128767, 4.49378978,\n",
       "        5.80562685, 6.53459705, 5.58944451, 5.0031277 , 5.6810806 ,\n",
       "        5.12777004, 5.16825152, 5.17667106, 5.75715385, 5.50424806,\n",
       "        5.65313228, 5.41923676, 5.35672881, 6.15588915, 5.84318136],\n",
       "       [4.88055203, 5.36572691, 5.01817664, 4.49378978, 5.89768647,\n",
       "        5.0409522 , 5.41435466, 4.83016155, 4.0545764 , 4.35403792,\n",
       "        4.1436645 , 4.52102787, 4.5786947 , 5.17500385, 5.56263024,\n",
       "        5.28926744, 4.67819016, 4.87209008, 5.60887996, 5.19983296],\n",
       "       [6.19594916, 6.40939214, 5.07580344, 5.80562685, 5.0409522 ,\n",
       "        8.20354009, 7.01906334, 5.67470412, 5.90465646, 5.8323596 ,\n",
       "        5.08477926, 5.37295889, 5.66867242, 6.80027051, 6.04556964,\n",
       "        6.34037034, 5.87798367, 5.77524496, 6.91548347, 6.36936137],\n",
       "       [6.44111712, 6.88031124, 6.2304002 , 6.53459705, 5.41435466,\n",
       "        7.01906334, 8.80575504, 6.35052343, 6.18981147, 6.45741121,\n",
       "        6.21083617, 6.27667294, 5.96694754, 7.29347523, 6.28584834,\n",
       "        6.77263413, 6.20381054, 6.06467594, 7.64064868, 6.50874463],\n",
       "       [6.10997571, 5.75806806, 4.86312853, 5.58944451, 4.83016155,\n",
       "        5.67470412, 6.35052343, 6.75139531, 5.01913016, 5.3350746 ,\n",
       "        4.94618535, 5.19739998, 4.66804767, 5.84308119, 5.59538101,\n",
       "        5.77123984, 5.26084809, 5.9507985 , 5.98276534, 5.65696311],\n",
       "       [5.1626616 , 4.95635624, 4.8719076 , 5.0031277 , 4.0545764 ,\n",
       "        5.90465646, 6.18981147, 5.01913016, 6.34948559, 4.9466807 ,\n",
       "        4.64351815, 4.80366841, 4.67454091, 5.48906576, 5.09940066,\n",
       "        4.88335411, 5.00256299, 4.97758456, 5.31694126, 5.06996722],\n",
       "       [5.70115922, 5.35385276, 5.10207346, 5.6810806 , 4.35403792,\n",
       "        5.8323596 , 6.45741121, 5.3350746 , 4.9466807 , 7.0724739 ,\n",
       "        5.00041455, 5.04221673, 5.19597967, 6.04182089, 5.46833793,\n",
       "        5.44620353, 5.33920127, 4.79364872, 6.55562627, 5.51354537],\n",
       "       [6.01390217, 5.17576998, 4.97303612, 5.12777004, 4.1436645 ,\n",
       "        5.08477926, 6.21083617, 4.94618535, 4.64351815, 5.00041455,\n",
       "        6.35885005, 5.46393877, 4.93348843, 5.39844212, 5.30143416,\n",
       "        5.18303235, 5.06557407, 5.03166138, 6.02575946, 5.44482199],\n",
       "       [5.63362095, 5.45710834, 5.31060242, 5.16825152, 4.52102787,\n",
       "        5.37295889, 6.27667294, 5.19739998, 4.80366841, 5.04221673,\n",
       "        5.46393877, 6.92984979, 4.9828518 , 5.8136039 , 5.8328356 ,\n",
       "        5.64305209, 5.63592374, 5.42222667, 6.1390761 , 5.55848273],\n",
       "       [5.49795036, 5.27954365, 5.31232654, 5.17667106, 4.5786947 ,\n",
       "        5.66867242, 5.96694754, 4.66804767, 4.67454091, 5.19597967,\n",
       "        4.93348843, 4.9828518 , 6.48674687, 5.82139312, 5.85391241,\n",
       "        5.69044649, 5.49893227, 4.98449655, 6.1805257 , 5.62032485],\n",
       "       [6.59046668, 6.51610183, 6.21309674, 5.75715385, 5.17500385,\n",
       "        6.80027051, 7.29347523, 5.84308119, 5.48906576, 6.04182089,\n",
       "        5.39844212, 5.8136039 , 5.82139312, 8.47392774, 6.30485829,\n",
       "        6.20621338, 6.5132012 , 5.0274832 , 6.71843952, 6.47607353],\n",
       "       [5.88223238, 5.98047829, 5.62487716, 5.50424806, 5.56263024,\n",
       "        6.04556964, 6.28584834, 5.59538101, 5.09940066, 5.46833793,\n",
       "        5.30143416, 5.8328356 , 5.85391241, 6.30485829, 7.64718233,\n",
       "        5.87872116, 5.80517593, 5.69158135, 6.36595795, 6.40692444],\n",
       "       [6.33393983, 6.38672833, 5.22081366, 5.65313228, 5.28926744,\n",
       "        6.34037034, 6.77263413, 5.77123984, 4.88335411, 5.44620353,\n",
       "        5.18303235, 5.64305209, 5.69044649, 6.20621338, 5.87872116,\n",
       "        7.24589035, 5.77021316, 6.02482466, 6.67454776, 6.05302711],\n",
       "       [5.89492134, 5.62479725, 5.59967067, 5.41923676, 4.67819016,\n",
       "        5.87798367, 6.20381054, 5.26084809, 5.00256299, 5.33920127,\n",
       "        5.06557407, 5.63592374, 5.49893227, 6.5132012 , 5.80517593,\n",
       "        5.77021316, 7.09999119, 4.97907334, 6.08975253, 6.31556147],\n",
       "       [6.01493146, 5.42745259, 4.71853181, 5.35672881, 4.87209008,\n",
       "        5.77524496, 6.06467594, 5.9507985 , 4.97758456, 4.79364872,\n",
       "        5.03166138, 5.42222667, 4.98449655, 5.0274832 , 5.69158135,\n",
       "        6.02482466, 4.97907334, 7.18382816, 5.9826113 , 5.67516887],\n",
       "       [6.2090486 , 6.54206321, 6.09341739, 6.15588915, 5.60887996,\n",
       "        6.91548347, 7.64064868, 5.98276534, 5.31694126, 6.55562627,\n",
       "        6.02575946, 6.1390761 , 6.1805257 , 6.71843952, 6.36595795,\n",
       "        6.67454776, 6.08975253, 5.9826113 , 8.8172896 , 6.65044013],\n",
       "       [6.33389749, 5.90954395, 5.89580619, 5.84318136, 5.19983296,\n",
       "        6.36936137, 6.50874463, 5.65696311, 5.06996722, 5.51354537,\n",
       "        5.44482199, 5.55848273, 5.62032485, 6.47607353, 6.40692444,\n",
       "        6.05302711, 6.31556147, 5.67516887, 6.65044013, 7.93260515]])"
      ]
     },
     "execution_count": 52,
     "metadata": {},
     "output_type": "execute_result"
    }
   ],
   "source": [
    "trainData = np.array(pd.read_csv('datasets/DS2_Train.csv', sep=\",\", header=None))\n",
    "validData = np.array(pd.read_csv('datasets/DS2_Valid.csv', sep=\",\", header=None,))\n",
    "testData = np.array(pd.read_csv('datasets/DS2_Test.csv', sep=\",\", header=None,))\n",
    "\n",
    "trainY = trainData[:,20]\n",
    "testY = testData[:,20]\n",
    "\n",
    "if __name__ == \"__main__\":\n",
    "    \n",
    "    gda = GDA()\n",
    "    gda.findmu(trainData)\n",
    "    mu0 = gda.m0\n",
    "    mu1 =gda.m1\n",
    "    \n",
    "    gda.findSigma(trainData, mu0, mu1)\n",
    "    sigma = gda.sigma\n",
    "    \n",
    "    gda.findParameters(mu0,mu1,sigma)\n",
    "    w = gda.w\n",
    "    w0 = gda.w0\n",
    "    sigma = gda.sigma\n",
    "    \n",
    "    gda.performanceMeasure(testData,w, w0)\n",
    "    accuracy = gda.accuracy\n",
    "    precision = gda.precision\n",
    "    recall = gda.recall\n",
    "    f1 = gda.f1\n",
    "    \n",
    "    print(\"GDA performance measure:\")\n",
    "    print(\"Accuracy: \", accuracy*100)\n",
    "    print(\"Precision: \", precision*100)\n",
    "    print(\"Recall: \", recall*100)\n",
    "    print(\"F1-Measure: \", f1*100)\n",
    "    print(\"\\n\")\n",
    "    print(\"w: \", w)\n",
    "    print(\"w0: \", w0)\n"
   ]
  },
  {
   "cell_type": "code",
   "execution_count": 41,
   "metadata": {},
   "outputs": [
    {
     "name": "stdout",
     "output_type": "stream",
     "text": [
      "F1-Measure:  50.44136191677174\n",
      "F1-Measure:  47.382198952879584\n",
      "F1-Measure:  46.728971962616825\n",
      "F1-Measure:  47.248322147651\n",
      "F1-Measure:  48.339973439575026\n"
     ]
    }
   ],
   "source": [
    "if __name__ == \"__main__\":\n",
    "    # prepare data\n",
    "    knn = KNN()\n",
    "    \n",
    "    for k in range (1, 10, 2):   \n",
    "        knn.performanceMeasure(validData,k)\n",
    "        f1 = knn.f1 \n",
    "        print(\"F1-Measure: \", f1*100)\n",
    "    "
   ]
  },
  {
   "cell_type": "code",
   "execution_count": 44,
   "metadata": {},
   "outputs": [
    {
     "name": "stdout",
     "output_type": "stream",
     "text": [
      "Accuracy:  49.0\n",
      "Precision:  48.984771573604064\n",
      "Recall:  48.25\n",
      "F1-Measure:  48.614609571788414\n"
     ]
    }
   ],
   "source": [
    "    knn.performanceMeasure(testData, 10)\n",
    "    accuracy = knn.accuracy\n",
    "    precision = knn.precision\n",
    "    recall = knn.recall\n",
    "    f1 = knn.f1   \n",
    "    print(\"Accuracy: \", accuracy*100)\n",
    "    print(\"Precision: \", precision*100)\n",
    "    print(\"Recall: \", recall*100)\n",
    "    print(\"F1-Measure: \", f1*100)"
   ]
  },
  {
   "cell_type": "code",
   "execution_count": null,
   "metadata": {},
   "outputs": [],
   "source": []
  }
 ],
 "metadata": {
  "kernelspec": {
   "display_name": "Python 3",
   "language": "python",
   "name": "python3"
  },
  "language_info": {
   "codemirror_mode": {
    "name": "ipython",
    "version": 3
   },
   "file_extension": ".py",
   "mimetype": "text/x-python",
   "name": "python",
   "nbconvert_exporter": "python",
   "pygments_lexer": "ipython3",
   "version": "3.6.5"
  }
 },
 "nbformat": 4,
 "nbformat_minor": 2
}
